52204280
52204275
52204269
52204267
268132091
52204265
52204261
52204258
52204254
6643023648
6643023647
6643023646
6643023645
6643023644
6643023643
6643023642
6643023641
6643023640
6643023639
6643023638
6643023637
6643023636
6643023635
6643023634
6643023633
6643023632
3020607875
52204251
52204248
52204246
52204243
2246527226
3020616037
3020709305
3020599815
268096306
52204239
3020697247
52203066
52202579
52202571
268123710
268123182
268123711
52202566
52202560
52202553
52202552
52202549
52202545
3882980834
6643023621
6643023616
6643023615
6643023614
6643023613
6643023612
6643023611
6643023610
6643023609
6643023608
6643023607
6643023606
6643023605
6643023604
6643023603
3882980828
52202541
52202539
268124758
52202534
3882980827
52202533
52202528
52202526
52202523
52202521
52202517
52202511
52202507
52202499
52202493
52202488
52202485
52202476
52202473
52202468
52202465
52202460
52202455
52202451
3268197315
52202389
3268197288
52202283
3268197281
3268197240
52202293
52202298
3268197168
3268197121
3268197101
3268197087
3268197067
51554716
51554715
3268197064
51552873
51552871
3268197055
51552868
3760933763
51552865
51552863
3268197053
3760933764
51552861
2246526942
51552859
3760933765
51552856
3268197093
3268197096
3268197098
51552854
3268197099
3268197097
51552852
3268197086
51552851
3268197070
3268197060
51552849
3268197048
51552847
3268197038
3760933766
51552844
3268197029
51552841
3760933767
51552838
3268197035
51552835
3268197028
51552832
3268197020
51552830
3268197000
3760933768
3268196996
3268196992
51552828
3268196984
3268196982
3268196979
51552825
3268196977
3760933769
51552824
51552823
3268196973
51552821
3760933770
3268196971
51552818
10311818623
3268196969
3268196968
51552815
51552814
3760933771
51552811
51552807
3268196963
3268196961
51552806
3268195959
3268195957
51552802
3268195956
3760933772
3268195955
3760933774
51552800
3268195954
51552797
3268195953
51552793
3268195952
3760933775
3268195951
51552791
3268195949
3268195948
3268195947
3760933776
3268195945
3268195944
51552789
3268195943
3760933777
3268195942
3268195941
51552787
3760933778
3268195939
3268195938
51552785
3268195937
3760933779
3268195936
3268195935
51552782
3760933781
3268195934
51552779
3268195933
3760933782
7796376717
7796376679
7796376714
7796376713
7796376712
7796376711
7796376710
7796376709
7796376708
7796376707
7796376706
7796376705
7796376704
7796376703
7796376702
7796376701
7796376700
7796376699
7796376698
7796376697
7796376716
3760933783
51552777
3268195929
51552774
3760933784
3268195925
51552773
3760933785
51552770
3760933786
51552768
2966948468
2966610667
51552766
2341179363
51552764
3760933787
51552762
2966958508
3274267626
3274267604
3274267601
3274267599
3274267597
3274267594
3274267592
3274267590
3274267588
3274267580
3760933789
3274267573
3760933790
2340902503
51552758
6600188549
3760933791
3274267566
3760933792
51552755
3274267454
3274267451
3274267449
3274267447
53327812
3274267440
3274267438
3274267435
3274267433
51552750
262893001
51552747
3274267418
262893002
3274267415
3274267409
260989291
5782072952
260989290
9670046008
9670046007
9670046006
9671355574
9670046005
9671355575
9670046004
9671355563
9671355593
51581574
9670046009
9670045997
51581580
9670045998
51581582
9670086374
51581596
2340902407
51581598
5030377568
9671355744
2340902390
9671355745
2340902387
2340902385
9721751341
9667720187
9667720186
9667720188
9667720160
9667720178
9667720177
9667720176
9667720175
9667720184
9667720185
9667720183
5030377567
2340902376
2340902373
2340902372
2340902377
5030377564
9671593469
9671593470
266380267
5782073134
2340902389
2340902396
2340902401
9671593471
2340902412
9872239462
9671593472
9671593473
2340902428
5030377563
9711043496
9711043497
9714485029
9711090173
9711090184
2340902492
9711043498
9711090201
9665651142
9711043506
51581643
5030377562
2340902497
51581657
9711043499
3417103293
51581661
9711043500
51581663
51581667
9711043508
9665218709
9711043509
9711043501
51581670
9711090202
9711090203
9711090204
9721749216
9711090205
9711090206
9711090207
9711090208
9711043474
9711090219
9711090218
9711090217
9711090216
9711090215
9711090214
9711090213
9711090212
9711090220
9711090211
9711090210
9711090209
9711090228
9711043464
3653136518
354962620
9711090392
9711090125
9711090126
9711090127
9711090128
9711090129
9711090130
332121137
9711090131
9711090132
9711090133
9711090134
9711090135
9711090136
9711090137
9711090138
3139615374
354966929
3139615378
9711090158
9711090159
9711090160
9711090161
9711090162
9711090163
9711090164
2052420646
51581729
51581732
51581737
51581739
51581743
9721845815
2052420667
9721845814
9721845811
9721845813
51581745
9721845816
9721845812
51581748
2926419143
266333917
9721845821
9721845820
9721845827
9721845819
9721845818
9721845817
51581783
9721845905
51581751
51581791
51581754
51581757
51581759
9721845893
9721845894
9721845892
9721846030
9721845891
9721845847
9721845926
9721845927
9721845925
9721845922
51587726
9721845828
9721876563
9721876522
9721876523
9721876524
9721876525
