9721876525
9721876524
9721876523
9721876522
9721876563
9721845828
51587726
9721845922
9721845925
9721845927
9721845926
9721845847
9721845891
9721846030
9721845892
9721845894
9721845893
51581759
51581757
51581754
51581791
51581751
9721845905
51581783
9721845817
9721845818
9721845819
9721845827
9721845820
9721845821
266333917
2926419143
51581748
9721845812
9721845816
51581745
9721845813
9721845811
9721845814
2052420667
9721845815
51581743
51581739
51581737
51581732
51581729
2052420646
9711090164
9711090163
9711090162
9711090161
9711090160
9711090159
9711090158
3139615378
354966929
3139615374
9711090138
9711090137
9711090136
9711090135
9711090134
9711090133
9711090132
9711090131
332121137
9711090130
9711090129
9711090128
9711090127
9711090126
9711090125
9711090392
354962620
3653136518
9711043464
9711090228
9711090209
9711090210
9711090211
9711090220
9711090212
9711090213
9711090214
9711090215
9711090216
9711090217
9711090218
9711090219
9711043474
9711090208
9711090207
9711090206
9711090205
9721749216
9711090204
9711090203
9711090202
51581670
9711043501
9711043509
9665218709
9711043508
51581667
51581663
9711043500
51581661
3417103293
9711043499
51581657
2340902497
5030377562
51581643
9711043506
9665651142
9711090201
9711043498
2340902492
9711090184
9711090173
9714485029
9711043497
9711043496
5030377563
2340902428
9671593473
9671593472
9872239462
2340902412
9671593471
2340902401
2340902396
2340902389
5782073134
266380267
9671593470
9671593469
5030377564
2340902377
2340902372
2340902373
2340902376
5030377567
9667720183
9667720185
9667720184
9667720175
9667720176
9667720177
9667720178
9667720160
9667720188
9667720186
9667720187
9721751341
2340902385
2340902387
9671355745
2340902390
9671355744
5030377568
51581598
2340902407
51581596
9670086374
51581582
9670045998
51581580
9670045997
9670046009
51581574
9670046003
9670046002
9670086337
9670046001
9670046000
9670045999
9670086330
2188646752
5782073056
2967364825
9670045993
2967364827
270716354
2340902403
2967242806
270716352
2966776499
2975932094
9670065681
2967237803
3577226439
9670108320
2967240939
270716349
9670063353
270716348
9670063361
270716347
270716346
2967240941
2967240940
9670065625
2967240942
270716344
270716343
9670065643
270716342
9667720217
270716340
9670063410
270716339
9667720237
2967240944
9667720236
9667720215
9667720214
5030377572
259475455
259475454
259475453
9667761968
2975949958
