2758504422
9699554012
2758504420
2758504418
9699554003
9699554002
2787064951
9699477618
9699554000
9699554001
2758504416
2021666141
9699556421
5839921526
2355803884
9699284684
9699284691
51441626
4354246977
51441625
3102183655
3129735981
3129735983
51441623
3129735985
51441621
8371377800
2021666151
3743097675
51441619
2880194207
51441616
51443695
3100889965
3100889966
3100889967
51443694
3100889969
2752754033
51443693
51443692
3100889973
51443691
51443690
3100889974
51443688
3100889975
51443687
51443686
51445785
51443685
2440604696
51443683
51443680
9725816859
2849929396
9725816860
51443679
9725816861
9725816862
51443678
9725816863
2862489864
9725816864
51443676
51446677
9725816865
51446679
51446680
9725816866
9725816868
51446682
9725816867
51446684
51446687
9725816869
51446688
51446690
51446485
5027192682
51446486
51446487
9725816870
9725847890
51446490
9725847891
6393472420
7090620278
9725886285
6393472418
9725886286
7090620274
9725886287
7090620275
7090620276
9725886288
7090620277
9725886289
6393472417
9725886290
9725886291
9725886292
9725886293
9725886294
6393472421
9725886295
9725886338
9725886296
9725886297
9725886298
6393472416
9725886352
9725886299
9725886300
6393472415
9725886301
9725886302
9725886303
9725886304
9725886305
9725886306
51406807
6393472422
1839942353
1839942354
51406805
9740824157
3760933872
7090645885
51406803
51406800
51406798
5839921550
51406797
5839921551
5839921554
51406795
5839921555
3760933871
5839921556
5839921557
51406793
51406792
5027210670
9740563258
51406791
51408311
5027210671
9740824197
51406790
9740824193
51406789
9740563257
5027210672
51406787
9740563249
9740563250
9740563251
9740563252
9740563253
9740563254
9740563255
9740563256
1860080815
9740563248
1860080819
5027210693
5027210690
5027210691
5027210673
9713030309
1860080824
9713030310
1860080828
1860080832
1860080836
1860080840
1860080843
9713030311
1860080847
1860080851
1860080855
1860080859
1860080863
1860080865
9712813282
1860080869
9712813281
1860080873
9712813280
1860080877
1860080878
5027224695
1860080889
1860080895
1860080899
5027224700
1860080910
6151386312
1860080914
1860080918
1860080923
3760933857
9712813261
1860080926
9712813262
3760933856
9712813263
1860080930
9712813264
3760933855
9712813265
9712813260
1860080934
9712813266
264906170
3760933852
9712813272
9712813267
9712813271
9712813268
9712813269
9712813270
51552468
51552473
51552476
3139608643
51552477
9712813258
9712813257
51552480
3760933850
51552486
9712813259
51552489
2794617904
51552492
9712813234
9712813235
3760933848
52170042
52170044
2794617905
1860080942
2794617906
2794617908
2794617910
3760933846
2794617913
2794617915
2794617918
2794617920
3760933845
2794617921
2794617923
2794617925
2794617926
52170090
9712813247
52170096
51552549
9712813248
3760933844
7394387817
9712813251
9712813250
51552550
3760933843
2794617934
1846712109
51552592
3760933842
2794617935
51552555
3760933841
9712813202
9712813203
1839958261
1839958156
3139608660
51552559
3276744388
51552562
9712813213
51552565
9712813214
2794617943
9712813215
3276744400
9712813216
2794617944
51552569
2794617946
3760933836
3276744420
2794617950
51552572
51552608
3760933834
2794617955
2794617963
51552575
2794617966
287397030
9713408078
3268159297
3268159301
9716984531
3760933833
3268159305
3268159315
3268159358
3268159360
3268159365
3268159371
3268159373
3268159372
3268159370
3268159366
3268159364
53319584
3268159353
53319587
53319589
3268159303
3268159300
53319592
3268159296
53319593
53319596
3268159290
53319598
3268159289
3268159287
3268159286
53319600
3268159285
3268159284
53319601
3268159282
3268159283
53319603
53319605
3268159291
53319607
3268159292
3268159293
53319609
3268159295
53319610
7275052496
3268159302
53319611
3268159306
3268159308
3268159310
3268159312
53319612
3268159314
3268159313
3268159311
53319613
3268159309
3268159307
53319616
3268159304
3268159299
53319617
3268159294
53319619
53319621
3268159288
53319624
53319625
53319627
53319629
3268159280
53319631
53319632
3268159276
3268159274
53319634
3268159273
53319636
3268159271
3268159270
53319638
3268159267
3268159266
3268159268
3268159269
53319639
3268159272
53319642
3268159275
53319646
3268159277
3268159278
3268159279
53319643
3268159281
53319645
53319648
53319649
4709822731
4709822730
53319652
3268159357
53319657
3268159362
53319658
53319659
3268159383
3268159385
3268159387
