51582448
51582446
51582444
51582441
51582439
51582437
51582435
3651082946
51582432
51582429
3651082944
51582426
51582424
51582421
51582418
2931112443
9028640426
51582415
3651082945
2931112442
3651082943
51582413
51582410
3651082940
9028640431
51582407
9028640435
51582405
3651082939
3746932715
3746932714
3746932713
3746932712
3746932711
3473756929
3760583102
3473756928
3760583104
3760583106
3473756927
3760583105
3473756926
3760583103
3473756925
3760583101
3473756924
3473756923
51582362
51582360
3651082936
3473756935
3760583100
3760583099
3473756934
3760583098
3473756933
3473756932
3760583097
3473756931
3760583096
3473756930
3760583095
51582329
3577226555
3651082934
3760583091
3577226551
51582326
51582323
9214605124
51582320
3760583085
51582318
51582316
51582315
3760583084
51582313
9214605181
51582311
51582309
3760583083
51582308
3760583078
3760583077
51582306
9214605120
9214605182
3760583075
51582303
316985239
51582300
3760582953
51582297
3760582948
8477240350
8477240347
8477240354
8477240346
8477240349
51582294
51582293
51582290
3760582924
51582287
51582284
51582282
51582279
52168228
9214605183
3760582922
51582274
9214605184
51582271
3760582921
3760582920
51582270
51582267
3760582919
51582264
51582261
51582258
3760582918
51582256
3760582917
51582253
51582251
51582247
51582245
3760582916
3760582915
51582242
51582241
51582239
3874336192
51582237
3760582914
3760582913
51582234
51582233
51582231
51582229
3760582912
51582227
3760582911
51582224
3760582910
51582221
3760582909
3760582908
51582218
3748126268
51582216
51582213
264465124
264465123
51582211
3658865199
51582209
3760582907
51582207
51582204
268617809
3760582906
268617677
51582201
51582198
51582194
51582191
470363731
5030377535
51582188
3760582894
51582186
268615948
3760582893
51582184
3760582892
7308771137
3760582891
268615558
51582181
3760582890
51582178
470365262
51582175
3760582889
3760582888
7606657535
51582173
51582170
7606657549
3760582886
51582167
51582166
51582162
51582159
3760582885
3760582884
51582156
3760582883
51582153
3760582882
51582150
51582148
3760582881
51582146
3760582880
3760582879
51582143
51582139
268614412
51582137
51582135
3760582870
51582133
268612923
268612922
51582132
51582128
3760582869
3760582868
51582125
3760582867
51582123
3760582866
51582121
3760582865
3760582864
51582118
51582116
3760582862
3760582859
7606657565
51582113
7606657564
3760582858
3760582857
51582111
51582110
51582107
51582105
51582102
51582101
51582098
51582096
5030377536
51582093
51582091
51582090
51582089
3577226509
51582086
51582085
7606657570
3417087883
51582082
51582077
51582074
51582066
51582060
51582045
51582038
9214609909
262464083
268081065
51582034
9214609910
5030377537
51582031
51582027
51582023
51582019
51582013
51582009
51582007
51582003
266622986
51581997
3417103861
3417103855
51581995
9214609903
51581993
51581990
51581986
266322954
51581983
9214609904
51581980
2126065270
9214609905
51581979
9214609906
5030377538
2126065269
9214609907
51581976
9214609908
2126065264
51581973
51581970
9214609913
51581967
9214609912
51581964
2126065261
277375056
51581962
2126065260
51581960
51581958
3417087808
9214609911
51581955
5030377539
5030377540
51581951
8824505919
4967975363
51581946
3417087763
3417087765
3417087760
3417087759
3417087761
3417087756
3417087753
266622050
3417087751
3417087745
3417087740
3417087736
3417087735
3417087730
3417087729
5030377541
3417087698
51581944
5030377542
51581941
5030377543
51581939
4967975364
51581936
5030377544
51581932
51581931
51581928
3417103746
51581926
51581923
51581922
3417103686
51581916
5030377545
3417087618
5030377546
51581914
51581912
266325399
4967976028
51581910
5030377547
3417087410
51581906
4314185825
6578468984
51581904
51581902
4314185821
51581898
3874347619
51581895
3417087302
51581890
51581888
51581886
51581883
51581881
51581877
3417087292
51581876
51581874
4098969380
3417087274
3417087272
3417087270
3417087267
3417087268
3417087264
3417087258
3417087259
3417087260
3417087261
3417087262
3417087265
3417087266
3417087269
266327105
51581863
3417087227
4314185804
51581861
51581857
51581854
5030377548
51581852
51581849
51581846
51581843
51581840
51581837
51581835
3417072228
4314185774
51581832
51581829
51581828
5030377549
51581826
5030377550
6578420533
51581823
51581821
51581818
51581814
5030377551
9722245034
51581813
9722245033
51581810
2926419154
9722245030
9722245031
9722245032
2879956283
2879956279
2879956295
2879956278
9722245021
9722245022
2879956291
51581807
51581803
5030377555
51581799
51581795
51581786
9721845900
9721845901
9721845902
9721845903
9721845904
9721845905
51581783
9721845817
9721845818
9721845819
9721845827
9721845820
9721845821
266333917
2926419143
51581748
9721845812
9721845816
51581745
9721845813
9721845811
9721845814
2052420667
9721845815
51581743
51581739
51581737
51581732
51581729
2052420646
9711090164
9711090163
9711090162
9711090161
9711090160
9711090159
9711090158
3139615378
354966929
3139615374
9711090138
9711090137
9711090136
9711090135
9711090134
9711090133
9711090132
9711090131
332121137
9711090130
9711090129
9711090128
9711090127
9711090126
9711090125
9711090392
354962620
3653136518
9711043464
9711090228
9711090209
9711090210
9711090211
9711090220
9711090212
9711090213
9711090214
9711090215
9711090216
9711090217
9711090218
9711090219
9711043474
9711090208
9711090207
9711090206
9711090205
9721749216
9711090204
9711090203
9711090202
51581670
9711043501
9711043509
9665218709
9711043508
51581667
51581663
9711043500
51581661
3417103293
9711043499
51581657
2340902497
5030377562
51581643
9711043506
9665651142
9711090201
9711043498
2340902492
9711090184
9711090173
9714485029
9711043497
9711043496
5030377563
2340902428
9671593473
9671593472
9872239462
2340902412
9671593471
2340902401
2340902396
2340902389
5782073134
266380267
9671593470
9671593469
5030377564
2340902377
2340902372
2340902373
2340902376
5030377567
9667720183
9667720185
9667720184
9667720175
9667720176
9667720177
9667720178
9667720160
9667720188
9667720186
9667720187
9721751341
2340902385
2340902387
9671355745
2340902390
9671355744
5030377568
51581598
2340902407
51581596
9670086374
51581582
9670045998
51581580
9670045997
9670046009
51581574
9670046003
9670046002
9670086337
9670046001
9670046000
9670045999
9670086330
2188646752
5782073056
2967364825
9670045993
2967364827
270716354
2967364826
3760933802
2748498159
3274267390
51552728
2975932091
2967237800
2748498156
2967195775
51552727
51552726
270717289
9670063348
2975934575
9670001086
51552723
3268159840
3274267388
51552722
316951001
5030377571
3268159826
51552720
259475495
51552717
9670001085
9670001084
2748498161
51552715
51552712
3760933805
3760933806
3268159809
5030377580
3268159805
3760933807
3268159802
9669639421
3268159801
3268159797
3268159789
3268159771
3268159770
3268159768
3268159766
3268159764
5030386972
3268159750
3760933810
3268159746
3268159745
3760933812
3268159742
3760933814
3268159741
3268159739
9670001095
3268159737
3268159736
3268159734
3268159732
3760933815
3268159731
3268159729
3268159728
3760933818
3268159727
9716984404
3268159724
3268159722
3760933819
3268159719
3268159717
9716984403
3268159715
9670001093
3268159710
9716984408
3268159708
3268159695
3268159693
3268159691
3268159690
3268159688
3268159686
3268159675
3268159667
3760933821
9716984416
3268159609
3268159554
9716984420
3268159532
3268159479
3268159463
3760933823
3268159459
2976043093
2976043092
9716984464
2976043090
9716984461
9716984462
3268159454
3268159452
3268159451
3760933825
3268159444
3268159441
3268159436
3268159434
3268159430
3268159425
9716984483
3268159424
3268159420
3268159419
3268159416
3268159414
3268159412
3268159409
3268159406
3268159399
3268159397
3268159394
3268159390
6151386341
3268159386
3268159384
3268159382
3268159375
9713408083
3268159365
3268159360
3268159358
3268159315
3268159305
3760933833
9716984531
3268159301
3268159297
9713408078
287397030
2794617966
51552575
2794617963
2794617955
3760933834
51552608
51552572
2794617950
3276744420
3760933836
2794617946
51552569
2794617944
9712813216
3276744400
9712813215
2794617943
9712813214
51552565
9712813213
51552562
3276744388
51552559
3139608660
1839958156
1839958261
9712813203
9712813202
3760933841
51552555
2794617935
3760933842
51552592
1846712109
2794617934
3760933843
51552550
9712813250
9712813251
7394387817
3760933844
9712813248
51552549
52170096
9712813247
52170090
2794617926
2794617925
2794617923
2794617921
3760933845
2794617920
2794617918
2794617915
2794617913
3760933846
2794617910
2794617908
2794617906
1860080942
2794617905
52170044
52170042
3760933848
9712813235
9712813234
51552492
2794617904
51552489
9712813259
51552486
3760933850
51552480
9712813257
9712813258
51552477
3139608643
51552476
51552473
51552468
9712813270
9712813269
9712813268
9712813271
9712813267
9712813272
3760933852
264906170
9712813266
1860080934
9712813260
9712813265
3760933855
9712813264
1860080930
9712813263
3760933856
9712813262
1860080926
9712813261
3760933857
1860080923
1860080918
1860080914
6151386312
1860080910
5027224700
1860080899
5027224698
264908763
9712813275
9712813276
9712813277
9705037121
9713081156
9713081174
9713081165
9713081166
264331301
9705037120
9705037122
264331302
9705037123
264331303
9705037125
9705037124
9705037126
264331304
9705037130
264331305
9705037129
9705037127
264331307
264331308
9705037128
264330869
1860080790
1839942364
7090684976
264330870
51405271
264294716
3760933881
264289241
264289242
264289243
264289244
264289245
264289246
2878963815
2030186269
264289247
5839921531
264289248
264289249
264289250
264289251
264292663
264292664
264292666
264292667
264292669
3100889990
264292670
264292671
264292672
3760933883
3100889987
2341328696
3760933884
3760933885
51405550
9699458382
2878941238
2878941237
2878941236
2341328695
2440604694
6151468443
51441603
51441607
3100889972
51441610
3100889971
3100889970
51441611
3100889968
51441615
51443695
51441616
2880194207
51441619
3743097675
2021666151
8371377800
51441621
3129735985
51441623
3129735983
3129735981
3102183655
51441625
4354246977
51441626
9699284691
9699284684
2355803884
5839921526
9699556421
2021666141
2758504416
9699477634
51441629
9699477635
9236298880
51441630
9725709791
3903238790
9725709789
3903238786
9725709778
51441632
2758504423
51441636
2758504433
8371377795
51441228
2758504449
2758542177
9701934814
51441229
51441230
9704714148
9701934812
8371377794
51441232
9704714155
51441233
8371377793
51441235
8371377792
51441237
8371377791
51441239
8371377790
1579330414
51441242
9704566895
9704566894
9704566893
9704566892
9704566891
9704566890
9704566889
9704566888
9704566887
9704566886
51441249
9701934816
51441250
9701934815
4354246970
8371377772
9704566924
8371377779
1579330422
4354246969
51441254
51441258
9704566833
9704566800
9704566804
9704566805
9704566806
9704566810
9704566807
9704566817
9704566808
9704566809
9704566796
9247830396
51441266
5750823579
3415604315
9704605702
51441267
9247830397
51441269
7264739207
9247830403
9247830412
9247830411
3415604309
4420107299
9247830405
4420107304
9247830404
9247830406
6712731026
281070673
6712731025
6712720523
9708501732
51440320
2859333812
51440321
51440622
281063471
2859333806
51439552
9708445208
2859333798
2758586359
9708484988
281063913
9708484955
5597139585
5597139583
9708474954
3529785009
9708474947
2859333788
9708600552
9708720194
281063929
9708720179
2859333772
51439215
51442533
9708664801
9708719954
2859333760
9708664764
51442653
6612008318
6612008321
6612008319
8389691449
8389691450
9708664722
6612008316
281064124
9708664716
9708664717
9708664738
9708664714
2859333746
9708730283
9708730284
9708730282
9708741078
1870075852
9708780174
9708780173
51385297
51385296
9708826147
51385295
9708826160
51385292
9708780091
51385291
9708826048
51385290
9708826060
51385289
4810122042
1870074784
51385287
5044301955
9708779954
51385285
5292783460
51385279
9708780058
9708779953
51385277
5292783471
5292783472
5487630887
5292783473
5292783474
5292783475
5292783476
5292783477
5292783478
9999903398
281051966
1289169341
281051967
1289169343
281051968
281051762
5292783496
5292783495
5292783494
9227675022
5292783493
5292783492
5292783491
5292783490
5292783489
5292783488
5292783487
5292783486
5292783485
5292783484
5292783483
5292783482
5292783481
5292783480
9999903400
5292783479
4525965708
3756705057
4235463394
2882684807
5292783514
51110488
4235462280
4525960236
4525960241
51110489
51110491
51110493
51110495
4525960237
51110496
4235462273
4235462270
4313073628
5292784370
5292784371
10560503429
5292784373
5292784374
5292784369
4235462264
5292784375
5292784376
5292784377
5292784378
5292784379
5292784380
5292784381
5292784382
5292784383
5292784384
5292784385
5292784386
5292784387
5541321008
5292784388
5292784389
5292784390
5292784391
5292784392
5541321010
5292784393
5292784344
5292784394
5292784395
5292784396
5292784397
5292784398
5292784399
4235406412
5292784346
1870046294
1870046289
1870046282
1870046297
9999903405
6151461140
5292765294
5292765283
5292765293
5292765290
51385997
6151461139
51385996
7090677653
51385994
5287588090
5287588104
5287588103
5287588102
3195478546
1929062275
9103932304
6151461138
5292765301
9103932266
1929062278
5292765300
9103938334
1929062234
9103932282
9103938323
1929062246
9103932293
1929062291
5292765302
5292765303
5292765304
5292765305
5292765307
5292765308
5292765309
5292765310
5292765311
5292765312
1929062214
9103938327
6151461131
9103932289
5150460060
6151461136
9103932275
5150460059
6151461130
3459455221
9103938370
9103938362
3459455220
9103938354
3459455213
5150460053
9103938371
3459455233
3459455232
9999974717
7090677635
7090677631
5150460066
52261890
5150460032
52261893
52261896
52261900
52261902
52261907
5150460030
52261910
5150460029
5150460028
52261914
52261918
52261921
52261924
2514239574
52261926
52261927
52261931
52261934
52261938
52261940
52261946
52261947
52261951
52261955
52261959
52261962
52262022
52261965
52261969
52261972
52261975
52261978
52261982
52261985
52261987
52261991
52261993
52261997
3610819883
52262025
52262028
52262031
52262034
52262036
52262037
52262039
52262041
52262042
52262044
52262045
52262046
52262047
52262048
52262052
52262054
52262057
3610819802
52262058
52262060
52262063
3610819796
3610819795
52262064
52262086
3610819688
52262084
52262081
52262079
52262087
52262089
52262092
52262095
52262097
52262101
52262103
52262106
52262109
52262111
52262114
52262115
52262117
52262119
52262131
52262133
52262136
52262137
52262139
52262143
52262146
52262150
52262152
52262155
52262158
52262161
52262163
3610819653
52262166
3610819651
3610819649
3610819647
52262168
52262179
52262183
52262193
52262201
52262204
52262207
3610819639
52262210
52262213
3610819638
52262215
52262217
52262221
52262225
52262229
52262231
52262233
52262236
52262239
3610819643
52262240
3610819641
52262244
52262245
52262247
52262251
52262252
52262257
52262259
52262263
3610819637
52262265
52262271
52262275
52262279
52262283
52262287
52262290
3610819633
52262293
52262297
52262300
3610819625
52262303
52262306
52262310
52262313
52262316
52262485
3610819374
3610819376
52262480
3610819377
52262476
52262473
3748126242
52262470
52262466
52262463
52262459
52262457
3610819622
52262454
52262451
52262448
52262442
3610819615
52262438
52262434
52262431
52262428
52262426
52262422
3610819381
52262420
52262417
