268615705
268615704
268615703
268615702
268616487
268615701
268615700
51582184
3760582892
7308771137
3760582891
268615558
51582181
3760582890
51582178
470365262
51582175
3760582889
3760582888
7606657535
51582173
51582170
7606657549
3760582886
51582167
51582166
51582162
51582159
3760582885
3760582884
51582156
3760582883
51582153
3760582882
51582150
51582148
3760582881
51582146
3760582880
3760582879
51582143
51582139
268614412
51582137
51582135
3760582870
51582133
268612923
268612922
51582132
51582128
3760582869
3760582868
51582125
3760582867
51582123
3760582866
51582121
3760582865
3760582864
51582118
51582116
3760582862
3760582859
7606657565
51582113
7606657564
3760582858
3760582857
51582111
51582110
51582107
51582105
51582102
51582101
51582098
51582096
5030377536
51582093
51582091
51582090
51582089
3577226509
51582086
51582085
7606657570
3417087883
51582082
51582077
51582074
51582066
51582060
51582045
51582038
9214609909
262464083
268081065
51582034
9214609910
5030377537
51582031
51582027
51582023
51582019
51582013
51582009
51582007
51582003
266622986
51581997
3417103861
3417103855
51581995
9214609903
51581993
51581990
51581986
266322954
51581983
9214609904
51581980
2126065270
9214609905
51581979
9214609906
5030377538
2126065269
9214609907
51581976
9214609908
2126065264
51581973
51581970
9214609913
51581967
9214609912
51581964
2126065261
277375056
51581962
2126065260
51581960
51581958
3417087808
9214609911
51581955
5030377539
5030377540
51581951
8824505919
4967975363
51581946
3417087763
3417087765
3417087760
3417087759
3417087761
3417087756
3417087753
266622050
3417087751
3417087745
3417087740
3417087736
3417087735
3417087730
3417087729
5030377541
3417087698
51581944
5030377542
51581941
5030377543
51581939
4967975364
51581936
5030377544
51581932
51581931
51581928
3417103746
51581926
51581923
51581922
3417103686
51581916
5030377545
3417087618
5030377546
51581914
51581912
266325399
4967976028
51581910
5030377547
3417087410
51581906
4314185825
6578468984
51581904
51581902
4314185821
51581898
3874347619
51581895
3417087302
51581890
51581888
51581886
51581883
51581881
51581877
3417087292
51581876
51581874
4098969380
3417087274
3417087272
3417087270
3417087267
3417087268
3417087264
3417087258
3417087259
3417087260
3417087261
3417087262
3417087265
3417087266
3417087269
266327105
51581863
3417087227
4314185804
51581861
51581857
51581854
5030377548
51581852
51581849
51581846
51581843
51581840
51581837
51581835
3417072228
4314185774
51581832
51581829
51581828
5030377549
51581826
5030377550
6578420533
51581823
51581821
51581818
51581814
5030377551
9722245034
51581813
9722245033
51581810
2926419154
9722245030
9722245031
9722245032
2879956283
2879956279
2879956295
2879956278
9722245021
9722245022
2879956291
51581807
51581803
5030377555
51581799
51581795
51581786
9721845899
9721845898
9721845978
9721845897
9721845896
9721845895
51581759
9721845893
9721845894
9721845892
9721846030
9721845891
9721845847
9721845926
9721845927
9721845925
9721845922
51587726
9721845828
9721876563
9721876522
9721876523
9721876524
9721876525
