52677211
52677154
52677089
52676911
52676891
52676434
52676349
52676338
52676295
52676267
52676260
52676253
52676235
52675912
52672499
52672004
52661498
52652555
52652477
52650131
52650158
52650659
52652127
262893000
52652273
52612973
52612967
52612962
52612958
52612957
52612954
52612951
52612948
9213576454
52612946
52612943
7634315920
52612941
52612939
52612936
52612935
52612932
52612929
52612927
52612923
52612920
52612918
52612916
52612913
52612911
52612909
52612907
52612902
52612900
52612899
52612897
52612895
52612893
52612892
52612888
52612885
52612882
52612877
52612873
52612870
52612867
52612864
52612862
52612859
52612855
52612853
52612849
52612845
52612843
52612840
52612835
52612831
52612827
52612824
52612820
52612817
52612815
52612813
52612810
3756705061
52612807
52612804
52612803
52612800
52612796
52612794
52612791
52612789
52612786
52612782
52612779
52612776
52612773
52612770
52612768
52612765
52612763
52612761
52612760
52612758
52612756
52612754
52612752
52612750
52612748
52612746
52612744
52612742
52612740
52612738
52612735
52612732
52612728
52612725
52612722
52612720
52612719
52612717
52612716
52612712
52612710
52612708
52612704
52612701
5287339576
52612699
52612696
52612694
52612692
52612691
52612688
52612686
52612684
52612681
52612678
52612677
52612675
52612672
52612670
52612667
52612665
52612664
52612661
52612660
52612658
52612656
52612653
52612651
52612649
52612646
52612645
52612642
52612640
52612638
52612635
52612634
52612629
52612626
52612624
52612622
52612619
52612616
52612615
4240956961
52612612
52612609
52612605
52603542
52603540
3756705060
52603537
52603536
52603533
52603531
52009130
52009134
52009137
52009140
52009197
52009168
52009171
5287549640
52009176
52009179
3145007553
52009182
52009184
52009186
52009189
52009192
52009194
5287549655
5287549656
7090677648
5287549654
7090677651
5287549665
51385990
5287549674
51385988
2882656163
51385986
5287549675
7090677647
52009129
51385985
51385983
5287549677
51385982
5287549676
51385979
51385978
796040771
51385976
5292765253
5292765270
5292765271
5292765272
5292765273
5292765274
5292765252
9999903411
7090679604
52252473
7090679603
7090679605
7090679606
52252472
52252452
52330668
52330669
52330670
52330671
52330672
52330673
52330674
52330675
52330676
52330677
52330678
52322157
52322159
52322163
52322165
52322167
52322170
52329953
52329956
52329957
52329960
52329962
52329964
52329967
52329968
52329970
52329972
52329974
52329978
52329981
52322216
52322219
52322222
52322223
52322225
52322228
52322231
52322235
52322237
52322240
52322242
52322244
52322245
3610820027
3610820026
52322247
3610820022
52322249
3610820024
52322252
52322255
52322256
52322259
52322262
52322266
52322268
52322271
3610820031
52322273
52322277
52322278
52322279
52322282
52322285
52322286
52322289
52322292
52322293
52322295
52322298
3610820023
52322299
3610820018
52322302
3610820021
