2758504422
9699554012
2758504420
2758504418
9699554003
9699554002
2787064951
9699477618
9699554000
9699554001
2758504416
2021666141
9699556421
5839921526
2355803884
9699284684
9699284691
51441626
4354246977
51441625
3102183655
3129735981
3129735983
51441623
3129735985
51441621
8371377800
2021666151
3743097675
51441619
2880194207
51441616
51443695
51441615
3100889968
51441611
3100889970
3100889971
51441610
3100889972
51441607
51441603
6151468443
2440604694
2341328695
2878941236
2878941237
2878941238
9699458382
51405550
3760933885
3760933884
2341328696
3100889987
3760933883
264292672
264292671
264292670
3100889990
264292669
264292667
264292666
264292664
264292663
264289251
264289250
264289249
264289248
5839921531
264289247
2030186269
2878963815
264289246
264289245
264289244
264289243
264289242
264289241
3760933881
264294716
51405271
264330870
7090684976
1839942364
1860080790
264330869
9705037128
264331308
264331307
9705037127
9705037129
264331305
9705037130
264331304
9705037126
9705037124
9705037125
264331303
9705037123
264331302
9705037122
9705037120
264331301
9713081166
9713081165
9713081174
9713081156
9705037121
9712813277
9712813276
9712813275
264908763
5027224698
1860080899
5027224700
1860080910
6151386312
1860080914
1860080918
1860080923
3760933857
9712813261
1860080926
9712813262
3760933856
9712813263
1860080930
9712813264
3760933855
9712813265
9712813260
1860080934
9712813266
264906170
3760933852
9712813272
9712813267
9712813271
9712813268
9712813269
9712813270
51552468
51552473
51552476
3139608643
51552477
9712813258
9712813257
51552480
3760933850
51552486
9712813259
51552489
2794617904
51552492
9712813234
9712813235
3760933848
52170042
52170044
2794617905
1860080942
2794617906
2794617908
2794617910
3760933846
2794617913
2794617915
2794617918
2794617920
3760933845
2794617921
2794617923
2794617925
2794617926
52170090
9712813247
52170096
51552549
9712813248
3760933844
7394387817
9712813251
9712813250
51552550
3760933843
2794617934
1846712109
51552592
3760933842
2794617935
51552555
3760933841
9712813202
9712813203
1839958261
1839958156
3139608660
51552559
3276744388
51552562
9712813213
51552565
9712813214
2794617943
9712813215
3276744400
9712813216
2794617944
51552569
2794617946
3760933836
3276744420
2794617950
51552572
51552608
3760933834
2794617955
2794617963
51552575
2794617966
287397030
9713408078
3268159297
3268159301
9716984531
3760933833
3268159305
3268159315
3268159358
3268159360
3268159365
9713408083
3268159375
3268159382
3268159384
3268159386
6151386341
3268159390
3268159394
3268159397
3268159399
3268159406
3268159409
3268159412
3268159414
3268159416
3268159419
3268159420
3268159424
9716984483
3268159425
3268159430
3268159434
3268159436
3268159441
3268159444
3760933825
3268159451
3268159452
3268159454
9716984462
9716984461
2976043090
9716984464
2976043092
2976043093
3268159459
3760933823
3268159463
3268159479
3268159532
9716984420
3268159554
3268159609
9716984416
3760933821
3268159667
3268159675
3268159686
3268159688
3268159690
3268159691
3268159693
3268159695
3268159708
9716984408
3268159710
9670001093
3268159715
9716984403
3268159717
3268159719
3760933819
3268159722
3268159724
9716984404
3268159727
3760933818
3268159728
3268159729
3268159731
3760933815
3268159732
3268159734
3268159736
3268159737
9670001095
3268159739
3268159741
3760933814
3268159742
3760933812
3268159745
3268159746
3760933810
3268159750
5030386972
3268159764
3268159766
3268159768
3268159770
3268159771
3268159789
3268159797
3268159801
9669639421
3268159802
3760933807
3268159805
5030377580
3268159809
3760933806
3760933805
51552712
51552715
2748498161
9670001084
9670001085
51552717
259475495
51552720
3268159826
5030377571
316951001
51552722
3274267388
3268159840
51552723
9670001086
2975934575
9670063348
270717289
51552726
51552727
2967195775
2748498156
2967237800
2975932091
51552728
3274267390
2748498159
3760933802
2967364826
3760933800
51552733
9670045992
3760933799
51552736
3760933797
51552737
3760933796
9670045983
2340902461
51552740
3274267403
2188646780
3274267408
5782073055
5782073054
5782073053
3274267424
3274267426
3274267428
3274267430
3274267432
3274267434
3274267436
51552755
3760933792
3274267566
3760933791
6600188549
51552758
2340902503
3760933790
3274267573
3760933789
3274267580
3274267588
3274267590
3274267592
3274267594
3274267597
3274267599
3274267601
3274267604
3274267626
2966958508
51552762
3760933787
51552764
2341179363
51552766
2966610667
2966948468
51552768
3760933786
51552770
3760933785
51552773
3268195925
3760933784
51552774
3268195929
51552777
3760933783
7796376716
7796376697
7796376698
7796376699
7796376700
7796376701
7796376702
7796376703
7796376704
7796376705
7796376706
7796376707
7796376708
7796376709
7796376710
7796376711
7796376712
7796376713
7796376714
7796376679
7796376717
3760933782
3268195933
51552779
3268195934
3760933781
51552782
3268195935
3268195936
3760933779
3268195937
51552785
3268195938
3268195939
3760933778
51552787
3268195941
3268195942
3760933777
3268195943
51552789
3268195944
3268195945
3760933776
3268195947
3268195948
3268195949
51552791
3268195951
3760933775
3268195952
51552793
3268195953
51552797
3268195954
51552800
3760933774
3268195955
3760933772
3268195956
51552802
3268195957
3268195959
51552806
3268196961
3268196963
51552807
51552811
3760933771
51552814
51552815
3268196968
3268196969
10311818623
51552818
3268196971
3760933770
51552821
3268196973
51552823
51552824
3760933769
3268196977
51552825
3268196979
3268196982
3268196984
51552828
3268196992
3268196996
3760933768
3268197000
51552830
3268197020
51552832
3268197028
51552835
3268197035
51552838
3760933767
51552841
3268197029
51552844
3760933766
3268197038
51552847
3268197048
51552849
3268197060
3268197070
51552851
3268197086
51552852
3268197097
3268197099
51552854
3268197098
3268197096
3268197093
51552856
3760933765
51552859
2246526942
51552861
3760933764
3268197053
51552863
51552865
3760933763
51552868
3268197044
3268197045
3268197049
3268197051
3268197052
3268197050
3268197047
3268197043
3268197041
51554705
3268197036
51554703
