53275523
53275524
53275525
53275526
53275527
53277181
53275528
53275529
53275530
53275531
51931099
51931101
51931103
3840440595
3840440610
3840440608
3840440602
4526119354
3840440612
4526119361
3902562342
4526119360
4526119359
3902562345
3902562352
3902562354
4526119358
3902562355
3902562353
4526119357
3902562351
3902562346
4526119356
4526119355
3902562340
3902562338
4526119340
3902562335
4526119341
4526119342
3902562333
4526119344
4526119343
3902562330
4526122801
1922628090
4526119337
4526119336
1922628088
1922628089
4526119339
1922626588
1922626625
1922626580
1922626578
4526119327
4526119320
3902552783
4526119319
4526119322
4526119296
4526119293
4526119302
4526119298
4526119297
4526119313
4526119308
4526119309
4526119312
4526119305
4526119306
3902552775
4526119315
3902552771
4526119331
4526119330
625245
51125905
4526118079
51125904
51126226
51126225
4526118080
625244
51361728
51126223
4526118081
51126221
4526118082
1922626558
4526118083
625243
4526118084
51126219
4526118085
4526118086
4526118087
51126218
4526118088
51361817
4526119289
1922626627
4526119290
625211
4526119291
4526119292
51361816
4526118072
1922626607
1922626620
4526118076
4526118075
4526118071
1922626633
1922620912
1922626629
625209
4526118066
4526118067
1922620893
4526118068
625208
4526118069
4525945510
4525945512
4525945514
4526118070
4525945525
4525945527
4525945515
4526122802
4526118064
4525945521
4525945528
4526118065
4525945498
4526118056
4525945501
4525945526
4525945520
4526118057
4525945533
4525945531
4526118058
4525945532
4526118059
4525945524
4525945494
4526118060
4525945502
4525945493
4525945530
4526118061
4525945508
4525945516
4526118062
4525945518
4526118063
4525945519
4525945495
4525945509
4525945517
4525945523
4526118019
4525945522
4525945507
4525945504
3902570225
1922620915
625204
51362012
625203
3902570219
3902570217
3902570215
3902570213
3902570211
3902570209
3902570207
3902570205
9909504331
3902570203
894259550
1289223048
894259607
1289223038
894259020
7662731408
1289223036
51362153
4525936010
4525936007
4525936016
4525936013
4525936014
4525936002
4525936005
4525936004
4525936022
4525936015
4525936003
4525935999
4525936001
4525936021
4096762482
4525919369
4525919363
4096762469
4525919372
4525919359
4525919360
4525919366
4525919371
4525919357
4525919362
4525919358
4525919377
4525919361
4525919370
4525919365
4525919375
4525919376
4525919378
4525919368
4525919367
4525919373
51362856
4525928257
4525928262
4525928263
4525928260
4525928259
4525928256
4525928253
51362570
51362569
4525928261
4525928258
4525928255
4525928254
4525928265
3902570197
3902570195
3902570193
3902570191
3902570189
3902570188
3902570186
3902570184
3902570182
3902570179
3902570177
3902570175
3902570173
3902570172
3902570170
3902570168
3902570166
3902570164
3902570162
3902570160
3902570158
3902569756
10097318566
10097318564
10097318567
3902569754
10097318563
51363149
4525922149
625075
1933961779
1933961739
625074
1933961829
4525922148
9909504318
1934144280
9909504323
1934144386
1934144507
1934144393
9909504322
1934144575
9909504317
1934144469
9909504315
1934144328
1934144389
6221883895
1934179428
1934144348
1934179439
625070
1934179398
51363250
10081219708
625069
1922608210
1922608199
1922608201
1922608208
1922608215
51449552
1934179887
51449553
51449672
51449673
10635088018
10635088017
51449675
10635088016
51449676
10635088015
10635088014
10635088013
51449997
10635088012
51449998
51449999
10635088011
3699547281
3699549953
7662731394
10635088019
10635088020
3406250616
3699549956
7662731397
10635088021
10635088022
3699547282
2670098176
10635088010
51450003
10635088009
10635088008
1934454838
51450004
10635088007
10635088006
10635088005
51450007
10635065704
4525922151
10635065703
51450008
10635065702
2104963781
3279074128
51450009
3279074127
3279074126
51450011
3279074125
3279074122
10635061798
3279074121
51450013
3279074116
3279074114
3279074112
10635061799
10635061797
51450014
3279074108
3279074104
51450016
51450017
51450019
3577226415
3577226414
51450114
7662731390
3577226413
51450113
769252948
9909504248
1386872802
1386872806
1386872807
625043
7394387896
4525912199
2378267140
7256249346
270729579
625040
51366028
51366025
51366022
625039
1922592319
1922592392
7662731387
1922592412
1922592493
1922592447
9909504226
625037
51386795
51366017
51366015
625036
51366011
51366010
625035
51366157
51366154
625034
625071
625033
3634969295
625032
6151386339
51366564
3726901899
6151386338
6393472424
1839958241
3699554994
1846712116
1846712075
1839958186
3699555985
7140828496
7140828495
7140828494
7140828493
9909504224
1386872627
7140828497
3659869594
1386872628
9712813181
9712813180
9712813184
9712813170
9712813183
9712813179
9712813182
9712813168
9712813178
9712813185
1386872636
9712813167
9712813186
9712813177
9712813187
1386872637
9712813188
9712813176
9712813189
1846712029
9712813175
9712813173
9712813174
1839958269
7394387785
1839958275
7394387823
9712813164
7394387824
9712813163
1839958184
9712813233
1846712077
9712813232
2794617937
9712813228
1839958250
9712813229
1846712101
9712813230
1839958272
9712813231
1839958192
7394361718
2794617938
7394361717
7394361725
7394361716
51552557
9712813206
3895029073
9712813204
9712813205
3895029075
3895029076
3895029078
9712813207
3895029079
9712813209
9712813208
3276744396
9712813210
3276744402
9712813211
3276744408
9712813212
3276744417
3276744420
2794617950
51552572
51552608
3760933834
2794617955
2794617963
51552575
2794617966
287397030
9713408078
3268159297
3268159301
9716984531
3760933833
3268159305
3268159315
3268159358
3268159360
3268159365
9713408083
3268159375
3268159382
3268159384
3268159386
6151386341
3268159390
3268159394
3268159397
3268159399
3268159406
3268159409
3268159412
3268159414
3268159416
3268159419
3268159420
3268159424
9716984483
3268159425
3268159430
3268159434
3268159436
3268159441
3268159444
3760933825
3268159451
3268159452
3268159454
9716984462
9716984461
2976043090
9716984464
2976043092
2976043093
3268159459
3760933823
3268159463
3268159479
3268159532
9716984420
3268159554
3268159609
9716984416
3760933821
3268159667
3268159675
3268159686
3268159688
3268159690
3268159691
3268159693
3268159695
3268159708
9716984408
3268159710
9670001093
3268159715
9716984403
3268159717
3268159719
3760933819
3268159722
3268159724
9716984404
3268159727
3760933818
3268159728
3268159729
3268159731
3760933815
3268159732
3268159734
3268159736
3268159737
9670001095
3268159739
3268159741
3760933814
3268159742
3760933812
3268159745
3268159746
3760933810
3268159750
5030386972
3268159764
3268159766
3268159768
3268159770
3268159771
3268159789
3268159797
3268159801
9669639421
3268159802
3760933807
3268159805
5030377580
3268159809
3760933806
3760933805
51552712
51552715
2748498161
9670001084
9670001085
51552717
259475495
51552720
3268159826
5030377571
316951001
51552722
3274267388
3268159840
51552723
9670001086
2975934575
9670063348
270717289
51552726
51552727
2967195775
2748498156
2967237800
2975932091
51552728
3274267390
2748498159
3760933802
2967364826
270716354
2967364827
9670045993
2967364825
5782073056
2188646752
9670086330
9670045999
9670046000
9670046001
9670086337
9670046002
9670046003
51581574
9670046009
9670045997
51581580
9670045998
51581582
9670086374
51581596
2340902407
51581598
5030377568
9671355744
2340902390
9671355745
2340902387
2340902385
9721751341
9667720187
9667720186
9667720188
9667720160
9667720178
9667720177
9667720176
9667720175
9667720184
9667720185
9667720183
5030377567
2340902376
2340902373
2340902372
2340902377
5030377564
9671593469
9671593470
266380267
5782073134
2340902389
2340902396
2340902401
9671593471
2340902412
9872239462
9671593472
9671593473
2340902428
5030377563
9711043496
9711043497
9714485029
9711090173
9711090184
2340902492
9711043498
9711090201
9665651142
9711043506
51581643
5030377562
2340902497
51581657
9711043499
3417103293
51581661
9711043500
51581663
51581667
9711043508
9665218709
9711043509
9711043501
51581670
9711090202
9711090203
9711090204
9721749216
9711090205
9711090206
9711090207
9711090208
9711043474
9711090219
9711090218
9711090217
9711090216
9711090215
9711090214
9711090213
9711090212
9711090220
9711090211
9711090210
9711090209
9711090228
9711043464
3653136518
354962620
9711090392
9711090125
9711090126
9711090127
9711090128
9711090129
9711090130
332121137
9711090131
9711090132
9711090133
9711090134
9711090135
9711090136
9711090137
9711090138
3139615374
354966929
3139615378
9711090158
9711090159
9711090160
9711090161
9711090162
9711090163
9711090164
2052420646
51581729
51581732
51581737
51581739
51581743
9721845815
2052420667
9721845814
9721845811
9721845813
51581745
9721845816
9721845812
51581748
2926419143
266333917
9721845821
9721845820
9721845827
9721845819
9721845818
9721845817
51581783
9721845905
51581751
51581791
51581754
51581757
51581759
9721845893
9721845894
9721845892
9721846030
9721845891
9721845847
9721845926
9721845927
9721845925
9721845922
51587726
9721845828
9721876563
9721876522
9721876523
9721876524
9721876525
