51974050
10058034618
51974049
51974046
3722642872
51974044
51974042
10058034623
3722642871
51974040
51974039
10058034624
51974035
51974031
10058034625
51974028
10058034626
51974024
51974023
7647387601
51974019
51974015
10058034627
3722642870
10058034628
51974013
51974011
10058034629
51974008
51974005
51974002
51973998
51973995
51973992
1934076491
51973989
51973986
51973983
51973981
51973977
51973975
51973972
51973968
10058034630
51973967
51973963
51973962
51973958
10058034633
10058034632
51973955
10058034631
51973953
51973952
51973950
51973947
51973942
51973941
51973939
51973937
51973934
1934076971
51973931
51973929
51973927
10058034637
51973924
51973922
51973920
10058034636
51973917
10058034635
51973915
51973913
51973910
51973907
51973905
51973903
10058034634
51973898
51973897
10058034642
3316652977
51973894
10058034643
4073419428
51973891
51973890
51973887
51973884
51973883
51973881
51973878
10058034644
51973877
51973874
51973871
51973868
10058034645
51973865
51973862
51973860
51973858
10058034646
1934076887
10058034647
10058034648
51973855
10058034649
10058034650
51973852
51973851
10058034651
51973849
10058034652
10058034653
51973848
10058034654
51973846
10058034655
51973844
51973842
10058034656
51973839
51973836
10058034657
51973834
51973831
10058034658
51973820
10058034659
51973818
51973817
10058034660
51973815
51973812
51973809
51973807
4073405292
51973802
51973796
51973792
51973790
10058034662
51973786
51973784
51973782
10058034661
51973777
51973771
51973770
10058034665
51973769
10058034664
51973766
51973764
51973759
51973757
51973755
10058034666
51973753
10058034667
10058034668
10058034669
51973751
51973749
10058034670
51973747
51973744
10058034671
51973741
10058034672
51973739
10058034673
51973736
51973733
10058034674
51973731
51973730
10058034675
51973728
10058034676
51973725
10058034677
51973722
51973720
10058034678
51973717
51973714
10058034679
51973711
10058034680
51973708
10058034681
1933976872
51973705
51973703
10058034682
51973699
10058034683
10058034684
51973696
10058034687
51973691
10058034688
10058034689
10058034690
1933976826
51973683
51973681
10058034691
51973679
10058034692
51973676
10058034693
51973673
10058034694
10058034695
51973669
10058034696
51973667
10058034697
51973663
10058034698
51973660
51973657
10058034699
51973653
10058034700
51973651
10058034701
51973648
51973646
10058034702
51973643
10058034703
51973639
10058034704
51973636
10058034705
51973633
10058034706
51973631
51973627
10058034707
3722642869
10058034708
51973622
10058034710
10058034709
51973621
10058034711
10058034713
10058034712
51973619
10058034714
51973617
10058034715
51973614
10058034716
51973611
10058034717
51973608
10058034572
51973606
51973604
10058034573
51973602
10058034574
51973599
10058034575
1933961751
51973598
10058034576
3722642868
10058034577
51973596
10058034578
9909504327
51973594
10058034579
10058034580
51973591
10058034581
51973590
51973587
10058034582
51973582
10058034583
51973579
10058034584
51973577
9909504329
51973575
51973571
10058034585
10058034567
51973570
10058034586
51973567
51973564
51973562
9909504328
51973561
10058034566
10058034587
51973557
51973554
10058034568
51973550
10058034569
51973548
9909504325
51973546
51973544
10058034570
51973541
10058034571
51973514
9909504326
1933977604
51973516
6380415728
6380436437
51973519
1933961844
3722620456
51973521
51973523
51973526
51973528
51973529
51973532
51973534
9909504319
1934144393
9909504322
1934144575
9909504317
1934144469
9909504315
1934144328
1934144389
6221883895
1934179428
1934144348
1934179439
625070
1934179398
51363250
10081219708
625069
1922608207
1922608212
9909504313
1922608192
1922608219
7662731404
1922608180
1922608205
1922608165
51363246
51363244
625067
51363415
1934179901
625066
1934179598
5318821104
625065
1933926839
51363414
625064
894259390
625063
1933935210
51363568
10096389562
625072
10096389563
51363567
51363565
625062
1934179606
1934179476
1934180084
1934180004
1934179573
