277697480
277697274
2191490637
2191490636
277697273
2191490635
277697272
2191490634
277697271
2191490633
277697270
2191490631
277697269
277697268
2191490630
277697267
2191490629
277697266
277697265
277697847
9999903403
51110493
51110495
4525960237
51110496
4235462273
4235462270
4313073628
5292784370
5292784371
10560503429
5292784373
5292784374
5292784369
4235462264
5292784375
5292784376
5292784377
5292784378
5292784379
5292784380
5292784381
5292784382
5292784383
5292784384
5292784385
5292784386
5292784387
5541321008
5292784388
5292784389
5292784390
5292784391
5292784392
5541321010
5292784393
5292784344
5292784394
5292784395
5292784396
5292784397
5292784398
5292784399
4235406412
5292784346
1870046294
1870046289
1870046282
1870046297
9999903405
6151461140
5292765294
5292765283
5292765293
5292765290
51385997
6151461139
51385996
7090677653
51385994
5287588090
5287588104
5287588103
5287588102
3195478546
1929062275
9103932304
6151461138
5292765301
9103932266
1929062278
5292765300
9103938334
1929062234
9103932282
9103938323
1929062246
9103932293
1929062291
5292765302
5292765303
5292765304
5292765305
5292765307
5292765308
5292765309
5292765310
5292765311
5292765312
1929062214
9103938327
6151461131
9103932289
5150460060
6151461136
9103932275
5150460059
6151461130
3459455221
9103938370
9103938362
3459455220
9103938354
3459455213
5150460053
9103938371
3459455233
3459455232
9999974717
7090677635
7090677631
5150460066
52261890
5150460032
52261893
52261896
52261900
52261902
52261907
5150460030
52261910
5150460029
5150460028
52261914
52261918
52261921
52261924
2514239574
52261926
52261927
52261931
52261934
52261938
52261940
52261946
52261947
52261951
52261955
52261959
52261962
52262022
52261965
52261969
52261972
52261975
52261978
52261982
52261985
52261987
52261991
52261993
52261997
3610819883
52262025
52262028
52262031
52262034
52262036
52262037
52262039
52262041
52262042
52262044
52262045
52262046
52262047
52262048
52262052
52262054
52262057
3610819802
52262058
52262060
52262063
3610819796
3610819795
52262064
52262086
3610819688
52262084
52262081
52262079
52262087
52262089
52262092
52262095
52262097
52262101
52262103
52262106
52262109
52262111
52262114
52262115
52262117
52262119
52262131
52262133
52262136
52262137
52262139
52262143
52262146
52262150
52262152
52262155
52262158
52262161
52262163
3610819653
52262166
3610819651
3610819649
3610819647
52262168
52262179
52262183
52262193
52262201
52262204
52262207
3610819639
52262210
52262213
3610819638
52262215
52262217
52262221
52262225
52262229
52262231
52262233
52262236
52262239
3610819643
52262240
3610819641
52262244
52262245
52262247
52262251
52262252
52262257
52262259
52262263
3610819637
52262265
52262271
52262275
52262279
52262283
52262287
52262290
3610819633
52262293
52262297
52262300
3610819625
52262303
52262306
52262310
52262313
52262316
52262485
3610819374
3610819376
52262480
3610819377
52262476
52262473
3748126242
52262470
52262466
52262463
52262459
52262457
3610819622
52262454
52262451
52262448
52262442
3610819615
52262438
52262434
52262431
52262428
52262426
52262422
3610819381
52262420
52262417
