7296679289
51390143
2832699603
5325452650
10087020027
10087020030
51392005
7296709715
10087012492
51115758
2832690383
51115756
51115856
292510274
51115754
10170842369
51115811
51115753
3256762958
3577226436
10170830573
3655224904
51394577
10170842400
51394875
10170842399
51394876
51394877
51395377
51394878
10170842398
10087089314
10170842397
51394879
51394881
51394882
10170842395
51394884
10170842396
10087089313
2832711280
2832711282
10170842390
51394887
10170842389
2832711283
51394888
2832711284
51394889
10170847217
4975553021
10170847218
1380849681
10170847219
2832711287
10170847220
2832711288
10170847221
1380849701
10170847222
2832711289
10170847224
10170847223
1380849646
10087089310
10170847226
1380849651
10170842380
1380849648
7110292585
4956634645
10170847227
1380849713
10170842378
4956634644
10170842379
1380849728
10170847216
1380849684
10087089311
10170847215
10087089312
4956634302
4975553022
2832711293
2832711295
2832711294
4975551220
9359367873
4956634318
9064679993
4956634317
4956634316
4956634315
10087089307
51344206
796031941
51344690
769251804
51344688
796030199
51344687
796030198
51344685
51344683
51344682
796031937
51344681
796031933
51344679
796031930
51344678
796031914
51344677
3216080676
3216080679
3216080683
3216080686
3216080692
3216080706
7110383190
7110383189
7110383226
7110383241
7110383188
51342422
4817024437
1956791512
1380856302
1380856306
1380856301
51120874
51120873
51120872
51120871
51120869
51120868
51120959
3577226441
10095492008
3746932166
51120957
51120956
3378337993
51121342
51121341
51121339
51121338
51121337
51121335
51121334
51121332
3378338433
51121331
51121330
51121329
51121327
51121326
51121363
51121362
51122045
51122044
51122042
51122041
51122039
51122038
3655204291
51122036
3655204290
51122034
51122033
51122032
51122030
51122029
51122028
51122027
51122025
51122023
51122022
51122020
51122018
278763284
51122016
51122015
51122014
51122012
51122010
2206606417
51122009
3844463320
3655204289
51122007
51122006
51122005
3655204288
51122003
8964053325
51122001
278760483
3699577348
278760711
51122000
3699577347
51121998
51121997
278761002
3846275575
4010669806
4010669809
3699577346
278757469
3699577345
51121993
51121992
51121991
51121989
3846275579
51121988
278757468
278757467
51121987
51121985
9566691253
51121984
51121982
51121981
51121979
51121977
9566691254
51121976
51121974
51121973
9566691255
8432592880
258823161
51121972
51121970
2206608559
51121968
51121967
51121965
52824584
9566691256
52824581
52824579
52824576
52824574
52824569
52824567
52824564
52824561
52824558
2206608616
2206608618
2206608623
2206608645
2206608663
51122830
51122829
3840385916
51122828
3840385905
51122827
51122826
51122825
51122824
3885838222
3885838221
3885838218
3659805065
4010655293
51122823
9856983858
51122822
51122821
51122820
51122819
51122817
51122816
9566691251
51122815
3840385708
52836065
51122814
51122812
51122811
51122810
51122809
51122808
278748954
51122807
51122806
9566691247
51122805
51122804
9566691246
1568150464
51122802
3844439912
278748559
51122801
1568150536
51122800
51122798
51122797
51122796
51122795
51122793
3384165886
3384165884
3384165882
3384165880
3384165878
3384165876
3384165875
3384165877
51122792
51122791
51122790
3659829891
278748365
278748317
625307
3659829907
3699567705
278748316
51123238
625306
51123237
53273834
51123236
625305
278748279
51123235
3902770694
3654038095
625304
51123233
9566694919
51123232
9566694920
9566694921
51123231
51123230
625303
53274022
1922638394
3840440625
1922638363
1922638447
7662651727
1922638379
1922638445
1922638449
1922638381
1922638376
1922638420
1922638415
1922638422
1922638382
1922638417
1922638389
1922638443
625300
51123922
625299
51123921
51123920
51123919
625298
51123918
51123917
51123916
625297
51123914
625296
51123913
51123912
625295
51123911
51123910
278748035
51123909
51123908
51123907
625294
51124048
51124047
51124046
625293
3659838064
51124045
3659838063
51124044
51124490
51348096
51124489
1922638378
51124488
51124487
51124486
3378276535
3378276530
3378276525
9814485513
3378276518
625277
51360998
9814495283
3378259665
51360996
3378259633
51360995
51360994
51360993
51360992
51360991
51360990
51360988
51360987
1922638418
51360986
1922638428
51360985
51360984
51360982
51360981
51360980
51360979
51360976
1922638424
3378259556
3378259547
625269
3378259530
625268
3378259525
3378259520
625267
51347752
51125159
3840440621
51347926
51347750
51347925
625266
3659845143
3378259475
625265
8432054322
51125157
51125155
51125154
51125152
625264
3378276469
8432054345
51348517
625263
51349842
625261
5043815489
53274971
53274968
769252988
51125332
769252996
625260
3577226486
3840440619
3840440617
769253018
769253019
53275033
769253020
3840440616
625259
3840440613
2287019228
262892997
262892996
5043815480
2287019214
5981148547
625257
625256
51350384
51350385
51125738
4525952402
4525952401
5981149651
3840440576
3840440571
3840440566
3840440563
3840440561
3840440562
3840440574
4526119353
3840440611
3902562339
4526119351
4526119352
4526119350
3902562343
3902562347
3902562349
4526119349
3902562350
3902562348
4526119347
4526119348
3902562344
4526119346
4526119345
3902562340
3902562338
4526119340
3902562335
4526119341
4526119342
3902562333
4526119344
4526119343
3902562330
4526122801
1922628090
4526119337
4526119336
1922628088
1922628089
4526119339
1922626588
1922626625
1922626580
1922626578
4526119327
4526119320
3902552783
4526119319
4526119322
4526119296
4526119293
4526119302
4526119298
4526119297
4526119313
4526119308
4526119309
4526119312
4526119305
4526119306
3902552775
4526119315
3902552771
4526119331
4526119330
625245
51125905
4526118079
51125904
51126226
51126225
4526118080
625244
51361728
51126223
4526118081
51126221
4526118082
1922626558
4526118083
625243
4526118084
51126219
4526118085
4526118086
4526118087
51126218
4526118088
51361817
4526119289
1922626627
4526119290
625211
4526119291
4526119292
51361816
4526118072
1922626607
1922626620
4526118076
4526118075
4526118071
1922626633
1922620912
1922626629
625209
4526118066
4526118067
1922620893
4526118068
625208
4526118069
4525945510
4525945512
4525945514
4526118070
4525945525
4525945527
4525945515
4526122802
4526118064
4525945521
4525945528
4526118065
4525945498
4526118056
4525945501
4525945526
4525945520
4526118057
4525945533
4525945531
4526118058
4525945532
4526118059
4525945524
4525945494
4526118060
4525945502
4525945493
4525945530
4526118061
4525945508
4525945516
4526118062
4525945518
4526118063
4525945519
4525945495
4525945509
4525945517
4525945523
4526118019
4525945522
4525945507
4525945504
3902570225
1922620915
625204
51362012
625203
3902570219
3902570217
3902570215
3902570213
3902570211
3902570209
3902570207
3902570205
9909504331
3902570203
894259550
1289223048
894259607
1289223038
894259020
7662731408
1289223036
51362153
4525936010
4525936007
4525936016
4525936013
4525936014
4525936002
4525936005
4525936004
4525936022
4525936015
4525936003
4525935999
4525936001
4525936021
4096762482
4525919369
4525919363
4096762469
4525919372
4525919359
4525919360
4525919366
4525919371
4525919357
4525919362
4525919358
4525919377
4525919361
4525919370
4525919365
4525919375
4525919376
4525919378
4525919368
4525919367
4525919373
51362856
4525928257
4525928262
4525928263
4525928260
4525928259
4525928256
4525928253
51362570
51362569
4525928261
4525928258
4525928255
4525928254
4525928265
3902570197
3902570195
3902570193
3902570191
3902570189
3902570188
3902570186
3902570184
3902570182
3902570179
3902570177
3902570175
3902570173
3902570172
3902570170
3902570168
3902570166
3902570164
3902570162
3902570160
3902570158
3902569756
10097318566
10097318564
10097318567
3902569754
10097318563
51363149
4525922149
625075
1933961779
1933961739
625074
1933961829
4525922148
9909504318
1934144280
9909504323
1934144386
1934144507
1934144393
9909504322
1934144575
9909504317
1934144469
9909504315
1934144328
1934144389
6221883895
1934179428
1934144348
1934179439
625070
1934179398
51363250
10081219708
625069
1922608210
1922608199
1922608201
1922608208
1922608215
51449552
1934179887
51449553
51449672
51449673
10635088018
10635088017
51449675
10635088016
51449676
10635088015
10635088014
10635088013
51449997
10635088012
51449998
51449999
10635088011
3699547281
3699549953
7662731394
10635088019
10635088020
3406250616
3699549956
7662731397
10635088021
10635088022
3699547282
2670098176
10635088010
51450003
10635088009
10635088008
1934454838
51450004
10635088007
10635088006
10635088005
51450007
10635065704
4525922151
10635065703
51450008
10635065702
2104963781
3279074128
51450009
3279074127
3279074126
51450011
3279074125
3279074122
10635061798
3279074121
51450013
3279074116
3279074114
3279074112
10635061799
10635061797
51450014
3279074108
3279074104
51450016
51450017
51450019
3577226415
3577226414
51450114
7662731390
3577226413
51450113
769252948
9909504248
1386872802
1386872806
1386872807
625043
7394387896
4525912199
2378267140
7256249346
270729579
625040
51366028
51366025
51366022
625039
1922592319
1922592392
7662731387
1922592412
1922592493
1922592447
9909504226
625037
51386795
51366017
51366015
625036
51366011
51366010
625035
51366157
51366154
625034
625071
625033
3634969295
625032
6151386339
51366564
3726901899
6151386338
6393472424
1839958241
3699554994
1846712116
1846712075
1839958186
3699555985
7140828496
7140828495
7140828494
7140828493
9909504224
1386872627
7140828497
3659869594
1386872628
9712813181
9712813180
9712813184
9712813170
9712813183
9712813179
9712813182
9712813168
9712813178
9712813185
1386872636
9712813167
9712813186
9712813177
9712813187
1386872637
9712813188
9712813176
9712813189
1846712029
9712813175
9712813173
9712813174
1839958269
7394387785
1839958275
7394387823
9712813164
7394387824
9712813163
1839958184
9712813233
1846712077
9712813232
2794617937
9712813228
1839958250
9712813229
1846712101
9712813230
1839958272
9712813231
1839958192
7394361718
2794617938
7394361717
7394361725
7394361716
51552557
9712813206
3895029073
9712813204
9712813205
3895029075
3895029076
3895029078
9712813207
3895029079
9712813209
9712813208
3276744396
9712813210
3276744402
9712813211
3276744408
9712813212
3276744417
3276744420
2794617950
51552572
51552608
3760933834
2794617955
2794617963
51552575
2794617966
287397030
9713408078
3268159297
3268159301
9716984531
3760933833
3268159305
3268159315
3268159358
3268159360
3268159365
9713408083
3268159375
3268159382
3268159384
3268159386
6151386341
3268159390
3268159394
3268159397
3268159399
3268159406
3268159409
3268159412
3268159414
3268159416
3268159419
3268159420
3268159424
9716984483
3268159425
3268159430
3268159434
3268159436
3268159441
3268159444
3760933825
3268159451
3268159452
3268159454
9716984462
9716984461
2976043090
9716984464
2976043092
2976043093
3268159459
3760933823
3268159463
3268159479
3268159532
9716984420
3268159554
3268159609
9716984416
3760933821
3268159667
3268159675
3268159686
3268159688
3268159690
3268159691
3268159693
3268159695
3268159708
9716984408
3268159710
9670001093
3268159715
9716984403
3268159717
3268159719
3760933819
3268159722
3268159724
9716984404
3268159727
3760933818
3268159728
3268159729
3268159731
3760933815
3268159732
3268159734
3268159736
3268159737
9670001095
3268159739
3268159741
3760933814
3268159742
3760933812
3268159745
3268159746
3760933810
3268159750
5030386972
3268159764
3268159766
3268159768
3268159770
3268159771
3268159789
3268159797
3268159801
9669639421
3268159802
3760933807
3268159805
5030377580
3268159809
3760933806
3760933805
51552712
51552715
2748498161
9670001084
9670001085
51552717
259475495
51552720
3268159826
5030377571
316951001
51552722
3274267388
3268159840
51552723
9670001086
2975934575
9670063348
270717289
51552726
51552727
2967195775
2748498156
2967237800
2975932091
51552728
3274267390
2748498159
3760933802
2967364826
3760933800
51552733
9670045992
3760933799
51552736
3760933797
51552737
3760933796
9670045983
2340902461
51552740
3274267403
2188646780
3274267408
5782073055
5782073054
5782073053
3274267424
3274267426
3274267428
3274267430
3274267432
3274267434
3274267436
51552755
3760933792
3274267566
3760933791
6600188549
51552758
2340902503
3760933790
3274267573
3760933789
3274267580
3274267588
3274267590
3274267592
3274267594
3274267597
3274267599
3274267601
3274267604
3274267626
2966958508
51552762
3760933787
51552764
2341179363
51552766
2966610667
2966948468
51552768
3760933786
51552770
3760933785
51552773
3268195925
3760933784
51552774
3268195929
51552777
3760933783
7796376716
7796376697
7796376698
7796376699
7796376700
7796376701
7796376702
7796376703
7796376704
7796376705
7796376706
7796376707
7796376708
7796376709
7796376710
7796376711
7796376712
7796376713
7796376714
7796376679
7796376717
3760933782
3268195933
51552779
3268195934
3760933781
51552782
3268195935
3268195936
3760933779
3268195937
51552785
3268195938
3268195939
3760933778
51552787
3268195941
3268195942
3760933777
3268195943
51552789
3268195944
3268195945
3760933776
3268195947
3268195948
3268195949
51552791
3268195951
3760933775
3268195952
51552793
3268195953
51552797
3268195954
51552800
3760933774
3268195955
3760933772
3268195956
51552802
3268195957
3268195959
51552806
3268196961
3268196963
51552807
51552811
3760933771
51552814
51552815
3268196968
3268196969
10311818623
51552818
3268196971
3760933770
51552821
3268196973
51552823
51552824
3760933769
3268196977
51552825
3268196979
3268196982
3268196984
51552828
3268196992
3268196996
3760933768
3268197000
51552830
3268197020
51552832
3268197028
51552835
3268197035
51552838
3760933767
51552841
3268197029
51552844
3760933766
3268197038
51552847
3268197048
51552849
3268197060
3268197070
51552851
3268197086
51552852
3268197097
3268197099
51552854
3268197098
3268197096
3268197093
51552856
3760933765
51552859
2246526942
51552861
3760933764
3268197053
51552863
51552865
3760933763
51552868
3268197055
51552871
51552873
3268197064
51554715
51554716
3268197067
3268197087
3268197101
3268197121
3268197168
52202298
52202293
3268197240
3268197281
52202283
3268197288
52202389
3268197315
52202451
52202455
52202460
52202465
52202468
52202473
52202476
52202485
52202488
52202493
52202499
52202507
52202511
52202517
52202521
52202523
52202526
52202528
52202533
3882980827
52202534
268124758
52202539
52202541
3882980828
6643023603
6643023602
6643023601
6643023600
6643023599
6643023598
6643023597
6643023596
6643023595
6643023620
6643023619
6643023618
6643023617
6643023616
6643023621
3882980834
52202545
52202549
52202552
52202553
52202560
52202566
268123711
268123182
268123710
52202571
52202579
52203066
3020697247
52204239
268096306
3020599815
3020709305
3020616037
2246527226
52204243
52204246
52204248
52204251
3020607875
6643023632
6643023633
6643023634
6643023635
6643023636
6643023637
6643023638
6643023639
6643023640
6643023641
6643023642
6643023643
6643023644
6643023645
6643023646
6643023647
6643023648
52204254
52204258
52204261
52204265
268132091
52204267
52204269
52204275
52204280
