1934179573
1934180004
1934180084
1934179476
1934179606
625062
51363565
51363567
10096389563
625072
10096389562
51363568
1933935210
625063
894259390
625064
51363414
1933926839
625065
5318821104
1934179598
625066
1934179901
51363415
625067
51363244
51363246
1922608165
1922608205
1922608180
7662731404
1922608219
1922608192
9909504313
1922608212
1922608207
625069
10081219708
51363250
1934179398
625070
1934179439
1934144348
1934179428
6221883895
1934144389
1934144328
9909504315
1934144469
9909504317
1934144575
9909504322
1934144393
1934144507
1934144386
9909504323
1934144280
9909504318
4525922148
1933961829
625074
1933961739
1933961779
625075
4525922149
51363149
10097318563
3902569754
10097318567
10097318564
10097318566
3902569756
3902570158
3902570160
3902570162
3902570164
3902570166
3902570168
3902570170
3902570172
3902570173
3902570175
3902570177
3902570179
3902570182
3902570184
3902570186
3902570188
3902570189
3902570191
3902570193
3902570195
3902570197
4525928265
4525928254
4525928255
4525928258
4525928261
51362569
51362570
4525928253
4525928256
4525928259
4525928260
4525928263
4525928262
4525928257
51362856
4525919373
4525919367
4525919368
4525919378
4525919376
4525919375
4525919365
4525919370
4525919361
4525919377
4525919358
4525919362
4525919357
4525919371
4525919366
4525919360
4525919359
4525919372
4096762469
4525919363
4525919369
4096762482
4525936021
4525936001
4525935999
4525936003
4525936015
4525936022
4525936004
4525936005
4525936002
4525936014
4525936013
4525936016
4525936007
4525936010
51362153
1289223036
7662731408
894259020
1289223038
894259607
1289223048
894259550
3902570203
9909504331
3902570205
3902570207
3902570209
3902570211
3902570213
3902570215
3902570217
3902570219
625203
51362012
625204
1922620915
3902570225
4525945504
4525945507
4525945522
4526118019
4525945523
4525945517
4525945509
4525945495
4525945519
4526118063
4525945518
4526118062
4525945516
4525945508
4526118061
4525945530
4525945493
4525945502
4526118060
4525945494
4525945524
4526118059
4525945532
4526118058
4525945531
4525945533
4526118057
4525945520
4525945526
4525945501
4526118056
4525945498
4526118065
4525945528
4525945521
4526118064
4526122802
4525945515
4525945527
4525945525
4526118070
4525945514
4525945512
4525945510
4526118069
625208
4526118068
1922620893
4526118067
4526118066
625209
1922626629
1922620912
1922626633
4526118071
4526118075
4526118076
1922626620
1922626607
4526118072
51361816
4526119292
4526119291
625211
4526119290
1922626627
4526119289
51361817
4526118088
51126218
4526118087
4526118086
4526118085
51126219
4526118084
625243
4526118083
1922626558
4526118082
51126221
4526118081
51126223
51361728
625244
4526118080
51126225
51126226
51125904
4526118079
51125905
625245
4526119330
4526119331
3902552771
4526119315
3902552775
4526119306
4526119305
4526119312
4526119309
4526119308
4526119313
4526119297
4526119298
4526119302
4526119293
4526119296
4526119322
4526119319
3902552783
4526119320
4526119327
1922626578
1922626580
1922626625
1922626588
4526119339
1922628089
1922628088
4526119336
4526119337
1922628090
4526122801
3902562330
4526119343
4526119344
3902562333
4526119342
4526119341
3902562335
4526119340
3902562338
3902562340
4526119355
4526119356
3902562346
3902562351
4526119357
3902562353
3902562355
4526119358
3902562354
3902562352
3902562345
4526119359
4526119360
3902562342
4526119361
3840440612
4526119354
3840440602
3840440608
3840440610
3840440595
51931103
51931101
51931099
53275531
53275530
53275529
53275528
53277181
53275527
53275526
53275525
53275524
53275523
