2758504422
9699554012
2758504420
2758504418
9699554003
9699554002
2787064951
9699477618
9699554000
9699554001
2758504416
2021666141
9699556421
5839921526
2355803884
9699284684
9699284691
51441626
4354246977
51441625
3102183655
3129735981
3129735983
51441623
3129735985
51441621
8371377800
2021666151
3743097675
51441619
2880194207
51441616
51443695
51441615
3100889968
51441611
3100889970
3100889971
51441610
3100889972
51441607
51441603
6151468443
2440604694
2341328695
2878941236
2878941237
2878941238
9699458382
51405550
3760933885
3760933884
2341328696
3100889987
3760933883
264292672
264292671
264292670
3100889990
264292669
264292667
264292666
264292664
264292663
264289251
264289250
264289249
264289248
5839921531
264289247
2030186269
2878963815
264289246
264289245
264289244
264289243
264289242
264289241
3760933881
264294716
51405271
264330870
7090684976
1839942364
1860080790
264330869
9705037128
264331308
264331307
9705037127
9705037129
264331305
9705037130
264331304
9705037126
9705037124
9705037125
264331303
9705037123
264331302
9705037122
9705037120
264331301
9713081166
9713081165
9713081174
9713081156
9705037121
9712813277
9712813276
9712813275
264908763
5027224698
1860080899
5027224700
1860080910
6151386312
1860080914
1860080918
1860080923
3760933857
9712813261
1860080926
9712813262
3760933856
9712813263
1860080930
9712813264
3760933855
9712813265
9712813260
1860080934
9712813266
264906170
3760933852
9712813272
9712813267
9712813271
9712813268
9712813269
9712813270
51552468
51552473
51552476
3139608643
51552477
9712813258
9712813257
51552480
3760933850
51552486
9712813259
51552489
2794617904
51552492
9712813234
9712813235
3760933848
52170042
52170044
2794617905
1860080942
2794617906
2794617908
2794617910
3760933846
2794617913
2794617915
2794617918
2794617920
3760933845
2794617921
2794617923
2794617925
2794617926
52170090
9712813247
52170096
51552549
9712813248
3760933844
7394387817
9712813251
9712813250
51552550
3760933843
2794617934
1846712109
51552592
3760933842
2794617935
51552555
3760933841
9712813202
9712813203
1839958261
1839958156
3139608660
51552559
3276744388
51552562
9712813213
51552565
9712813214
2794617943
9712813215
3276744400
9712813216
2794617944
51552569
2794617946
3760933836
3276744420
2794617950
51552572
51552608
3760933834
2794617955
2794617963
51552575
2794617966
287397030
9713408078
3268159297
3268159301
9716984531
3760933833
3268159305
3268159315
3268159358
3268159360
3268159365
3268159371
3268159373
3268159372
3268159370
3268159366
3268159364
53319584
3268159353
53319587
53319589
3268159303
3268159300
53319592
3268159296
53319593
53319596
3268159290
53319598
3268159289
3268159287
3268159286
53319600
3268159285
3268159284
53319601
3268159282
3268159283
53319603
53319605
3268159291
53319607
3268159292
3268159293
53319609
3268159295
53319610
7275052496
3268159302
53319611
3268159306
3268159308
3268159310
3268159312
53319612
3268159314
3268159313
3268159311
53319613
3268159309
3268159307
53319616
3268159304
3268159299
53319617
3268159294
53319619
53319621
3268159288
53319624
53319625
53319627
53319629
3268159280
53319631
53319632
3268159276
3268159274
53319634
3268159273
53319636
3268159271
3268159270
53319638
3268159267
3268159266
3268159268
3268159269
53319639
3268159272
53319642
3268159275
53319646
3268159277
3268159278
3268159279
53319643
3268159281
53319645
53319648
53319649
4709822731
4709822730
53319652
3268159357
53319657
3268159362
53319658
53319659
3268159383
3268159385
3268159387
